// vsclib internal implant table (trimmed header).
// Source copy: antimony_in_semiconductor_standard
// Conditions:
energy tilt rotation dose screen

//
/////////////////////////////////////////////////////////////////////////////////////////////////////////////
//E tlt rt dose scrn   range  sigma  lateral dl   asym   kurt  range2  sigma2  later2  dl2 asym2  kurt2  frac
/////////////////////////////////////////////////////////////////////////////////////////////////////////////
//
0      7  30  1e12  0   0      0      0      0    0.52   4.0   0     0    0      0     1.10  6.70  0.60
0      7  30  1e13  0   0      0      0      0    0.52   4.0   0     0    0      0     1.10  6.70  0.80
0      7  30  1e14  0   0      0      0      0    0.52   4.0   0     0    0      0     1.10  6.70  0.96
0      7  30  1e15  0   0      0      0      0    0.52   4.0   0     0    0      0     1.10  6.70  0.996
0      7  30  1e16  0   0      0      0      0    0.52   4.0   0     0    0      0     1.10  6.70  0.9996
1      7  30  1e12  0  .00375 .0009  .0009  0.30  0.51   4.0   .007  .009 .0009  0.25  1.12  6.76  0.60
1      7  30  1e13  0  .00375 .0009  .0009  0.30  0.51   4.0   .007  .009 .0009  0.25  1.12  6.76  0.80
1      7  30  1e14  0  .00375 .0009  .0009  0.30  0.51   4.0   .007  .009 .0009  0.25  1.12  6.76  0.96
1      7  30  1e15  0  .00375 .0009  .0009  0.30  0.51   4.0   .007  .009 .0009  0.25  1.12  6.76  0.996
1      7  30  1e16  0  .00375 .0009  .0009  0.30  0.51   4.0   .007  .009 .0009  0.25  1.12  6.76  0.9996
5      7  30  1e12  0  .0092  .0021  .0022  0.30  0.48   4.0   .018  .015 .0021  0.25  1.12  6.23  0.60
5      7  30  1e13  0  .0092  .0021  .0022  0.30  0.48   4.0   .018  .015 .0021  0.25  1.12  6.23  0.80
5      7  30  1e14  0  .0092  .0021  .0022  0.30  0.48   4.0   .018  .015 .0021  0.25  1.12  6.23  0.96
5      7  30  1e15  0  .0092  .0021  .0022  0.30  0.48   4.0   .018  .015 .0021  0.25  1.12  6.23  0.996
5      7  30  1e16  0  .0092  .0021  .0022  0.30  0.48   4.0   .018  .015 .0021  0.25  1.12  6.23  0.9996
10     7  30  1e12  0  .0135  .0028  .0032  0.30  0.47   4.0   .027  .020 .0032  0.25  1.19  6.00  0.60
10     7  30  1e13  0  .0135  .0028  .0032  0.30  0.47   4.0   .027  .020 .0032  0.25  1.19  6.00  0.80
10     7  30  1e14  0  .0135  .0028  .0032  0.30  0.47   4.0   .027  .020 .0032  0.25  1.19  6.00  0.96
10     7  30  1e15  0  .0135  .0028  .0032  0.30  0.47   4.0   .027  .020 .0032  0.25  1.19  6.00  0.996
10     7  30  1e16  0  .0135  .0028  .0032  0.30  0.47   4.0   .027  .020 .0032  0.25  1.19  6.00  0.9996
20     7  30  1e12  0  .0200  .0055  .0048  0.30  0.56   4.0   .045  .028 .0048  0.25  1.16  5.23  0.60
20     7  30  1e13  0  .0200  .0055  .0048  0.30  0.56   4.0   .045  .028 .0048  0.25  1.16  5.23  0.80
20     7  30  1e14  0  .0200  .0055  .0048  0.30  0.56   4.0   .045  .028 .0048  0.25  1.16  5.23  0.96
20     7  30  1e15  0  .0200  .0055  .0048  0.30  0.56   4.0   .045  .028 .0048  0.25  1.16  5.23  0.996
20     7  30  1e16  0  .0200  .0055  .0048  0.30  0.56   4.0   .045  .028 .0048  0.25  1.16  5.23  0.9996
40     7  30  1e12  0  .0302  .0090  .0072  0.30  0.8    4.2   .061  .040 .0072  0.25  0.93  4.12  0.70
40     7  30  1e13  0  .0302  .0090  .0072  0.30  0.8    4.2   .061  .040 .0072  0.25  0.93  4.12  0.90
40     7  30  1e14  0  .0302  .0090  .0072  0.30  0.8    4.2   .061  .040 .0072  0.25  0.93  4.12  0.97
40     7  30  1e15  0  .0302  .0090  .0072  0.30  0.8    4.2   .061  .040 .0072  0.25  0.93  4.12  0.997
40     7  30  1e16  0  .0302  .0090  .0072  0.30  0.8    4.2   .061  .040 .0072  0.25  0.93  4.12  0.9997
100    7  30  1e12  0  .0561  .0178  .0129  0.30  0.8    4.2   .109  .058 .0129  0.25  1.04  4.45  0.70
100    7  30  1e13  0  .0561  .0178  .0129  0.30  0.8    4.2   .109  .058 .0129  0.25  1.04  4.45  0.90
100    7  30  1e14  0  .0561  .0178  .0129  0.30  0.8    4.2   .109  .058 .0129  0.25  1.04  4.45  0.97
100    7  30  1e15  0  .0561  .0178  .0129  0.30  0.8    4.2   .109  .058 .0129  0.25  1.04  4.45  0.997
100    7  30  1e16  0  .0561  .0178  .0129  0.30  0.8    4.2   .109  .058 .0129  0.25  1.04  4.45  0.9997
200    7  30  1e12  0  .096   .0277  .0212  0.30  0.48   4.0   .168  .10  .0212  0.25  1.05  4.77  0.70
200    7  30  1e13  0  .096   .0277  .0212  0.30  0.48   4.0   .168  .10  .0212  0.25  1.05  4.77  0.90
200    7  30  1e14  0  .096   .0277  .0212  0.30  0.48   4.0   .168  .10  .0212  0.25  1.05  4.77  0.98
200    7  30  1e15  0  .095   .0277  .0212  0.30  0.48   4.0   .168  .10  .0212  0.25  1.05  4.77  0.998
200    7  30  1e16  0  .094   .0277  .0212  0.30  0.48   4.0   .168  .10  .0212  0.25  1.05  4.77  0.9998
//
500    7  30  1e13  0  .2186  .0603  .0437  0.30  0.11   4.0   .27   .20  .0437  0.25  0.50  5.0  0.999 
1000   7  30  1e13  0  .4281  .1047  .0772  0.30  -.07   4.0   .49   .35  .0772  0.25  0.50  5.0  0.999 
2000   7  30  1e13  0  .8135  .1850  .1458  0.30  -.31   4.0   .92   0.6  .1458  0.25  0.50  5.0  0.999 
5000   7  30  1e13  0  1.887  .3090  .2592  0.30  -.76   5.0   2.3   1.0  .2592  0.25  0.50  5.0  0.999 
10000  7  30  1e13  0  3.374  .4165  .3344  0.30  -1.2   6.0   3.8   1.7  .3344  0.25  0.50  5.0  0.999 
