// vsclib internal implant table (trimmed header).
// Source copy: antimony_damage_in_silicon_standard
// Conditions:
energy

//
/////////////////////////////////////////////////////////////////////////////////////////////////////////////
//E     range    sigma    lateral  dl     asym  kurt  lambda  factor
/////////////////////////////////////////////////////////////////////////////////////////////////////////////
//
// Everything is zero at zero energy
//
0       0        0        0        0.50   0     3     0        1
//
// Data from G. Hobler and S. Selberherr, "Two-Dimensional Modeling of Ion Implantation
// Induced Point Defects", IEEE Trans. CAD, Vol. 7, No. 2, Feb. 1988, pp. 174 - 180.
//
0.5     0.00079  0.00050  0.00031  0.48   0     3    -0.00028  11.2012
1       0.00147  0.00091  0.00056  0.37   0     3    -0.00052  22.3746
2       0.00250  0.00153  0.00094  0.30   0     3    -0.00090  44.6385
3.5     0.00348  0.00209  0.00129  0.26   0     3    -0.00127  77.8291
5       0.00408  0.00247  0.00152  0.25   0     3    -0.00149  110.777
7.5     0.00495  0.00308  0.00189  0.23   0     3    -0.00174  165.163
10      0.00580  0.00366  0.00225  0.22   0     3    -0.00217  218.904
15      0.00744  0.00480  0.00293  0.21   0     3    -0.00309  324.531
20      0.00903  0.00591  0.00360  0.20   0     3    -0.00390  427.809
30      0.01213  0.00806  0.00488  0.19   0     3    -0.00535  627.913
40      0.01513  0.01015  0.00610  0.18   0     3    -0.00664  820.417
50      0.01807  0.01219  0.00728  0.17   0     3    -0.00783  1006.34
70      0.02380  0.01619  0.00954  0.16   0     3    -0.00998  1356.14
100     0.03214  0.02201  0.0127   0.16   0     3    -0.01284  1840.19
150     0.04559  0.03142  0.0175   0.16   0     3    -0.01704  2578.2
200     0.05864  0.04056  0.0218   0.16   0     3    -0.02077  3260.14
350     0.09632  0.04670  0.0335   0.15   0     3    -0.03042  5107.22
500     0.1326   0.09278  0.0462   0.15   0     3    -0.0387   6773.29
750     0.1910   0.1336   0.0668   0.15   0     3    -0.0508   9313.52
1000    0.2478   0.1736   0.0868   0.15   0     3    -0.0616   11660.8
1500    0.3578   0.2513   0.1256   0.14   0     3    -0.0808   15986.5
2000    0.4646   0.3268   0.1634   0.14   0     3    -0.0979   19983.7
3500    0.7731   0.5452   0.2726   0.13   0     3    -0.1420   30810.1
5000    1.0698   0.7557   0.3778   0.13   0     3    -0.1799   40575.6
7500    1.5481   1.0955   0.5477   0.12   0     3    -0.2353   55464.8
10000   2.0125   1.4258   0.7129   0.12   0     3    -0.2847   69222.9
