// vsclib internal implant table (trimmed header).
// Source copy: arsenic_damage_in_silicon_standard
// Conditions:
energy

//
/////////////////////////////////////////////////////////////////////////////////////////////////////////////
//E     range    sigma    lateral  dl    asym  kurt  lambda  factor
/////////////////////////////////////////////////////////////////////////////////////////////////////////////
//
// Everything is zero at zero energy
//
0       0        0        0        0.45  0     3     0        1
//
// Data from G. Hobler and S. Selberherr, "Two-Dimensional Modeling of Ion Implantation
// Induced Point Defects", IEEE Trans. CAD, Vol. 7, No. 2, Feb. 1988, pp. 174 - 180.
//
0.5     0.00079  0.00045  0.00030  0.43  0     3    -0.00021  10.992
1       0.00147  0.00086  0.00057  0.34  0     3    -0.00042  21.9593
2       0.00255  0.00155  0.00103  0.27  0     3    -0.00083  43.8188
3.5     0.00365  0.00236  0.00156  0.24  0     3    -0.00140  76.4166
5       0.00439  0.00296  0.00195  0.22  0     3    -0.00194  108.779
7.5     0.00548  0.00374  0.00245  0.21  0     3    -0.00274  162.174
10      0.00656  0.00449  0.00292  0.20  0     3    -0.00343  214.865
15      0.00871  0.00598  0.00383  0.19  0     3    -0.00460  318.011
20      0.0108   0.00746  0.00473  0.18  0     3    -0.0056   417.97
30      0.0150   0.01041  0.00644  0.17  0     3    -0.0073   607.343
40      0.0192   0.0133   0.00807  0.16  0     3    -0.00873  783.011
50      0.0233   0.0163   0.00963  0.15  0     3    -0.01001  948.54
70      0.0315   0.0221   0.01262  0.14  0     3    -0.01225  1258.19
100     0.0437   0.0308   0.0170   0.14  0     3    -0.0151   1686.2
150     0.0637   0.0451   0.0241   0.13  0     3    -0.0191   2338.11
200     0.0836   0.0595   0.0311   0.13  0     3    -0.0224   2939.8
350     0.1424   0.1021   0.0511   0.12  0     3    -0.0307   4567.52
500     0.2005   0.1445   0.0722   0.12  0     3    -0.0374   6033.7
750     0.2961   0.2147   0.1073   0.11  0     3    -0.0466   8266.68
1000    0.3909   0.2846   0.1423   0.11  0     3    -0.0546   10327.9
1500    0.5785   0.4235   0.2118   0.11  0     3    -0.0680   14122.5
2000    0.7642   0.5618   0.2809   0.11  0     3    -0.0794   17625.2
3500    1.3143   0.9738   0.4869   0.10  0     3    -0.1072   27099.9
5000    1.8573   1.3832   0.6916   0.10  0     3    -0.1298   35634.8
7500    2.7524   2.0615   1.0307   0.10  0     3    -0.1612   48632.8
10000   3.6387   2.7363   1.3681   0.10  0     3    -0.1879   60631.1
