// vsclib internal implant table (trimmed header).
// Source copy: boron_damage_in_silicon_standard
// Conditions:
energy

//
/////////////////////////////////////////////////////////////////////////////////////////////////////////////
//E     range    sigma    lateral  dl     asym  kurt  lambda  factor
/////////////////////////////////////////////////////////////////////////////////////////////////////////////
//
// Everything is zero at zero energy
//
0       0        0        0        0      0     3     0.0001  1
//
// Data from G. Hobler and S. Selberherr, "Two-Dimensional Modeling of Ion Implantation
// Induced Point Defects", IEEE Trans. CAD, Vol. 7, No. 2, Feb. 1988, pp. 174 - 180.
//
0.5     0.00127  0.00110  0.00079  0.0    0     3     0.0007  8.630
1       0.00255  0.00218  0.00157  0.0    0     3     0.0015  17.09
2       0.00514  0.00427  0.00309  0.0    0     3     0.0033  33.52
3.5     0.00907  0.00728  0.00525  0.0    0     3     0.0063  56.94
5       0.01308  0.01012  0.00729  0.0    0     3     0.0098  78.96
7.5     0.01991  0.01449  0.0104   0.0    0     3     0.0166  112.7
10      0.0269   0.01844  0.0132  -0.02   0     3     0.0244  142.9
15      0.0414   0.02517  0.0180  -0.03  0     3     0.0247  193.8
20      0.0564   0.03049  0.0217  -0.04  0     3     0.0634  233.8
30      0.0878   0.03766  0.0265  -0.06  0     3     0.1073  288.9
40      0.1205   0.04144  0.0289  -0.08  0     3     0.1464  324.4
50      0.1536   0.04334  0.0299  -0.10  0     3     0.1715  353.0
70      0.2184   0.04591  0.0309  -0.12  0     3     0.2034  400.0
100     0.3053   0.0489   0.0316  -0.15  0     3     0.2382  455.5
150     0.4313   0.0527   0.0325  -0.22  0     3     0.2790  526.3
200     0.5429   0.0556   0.0334  -0.32  0     3     0.3089  582.2
350     0.8290   0.0621   0.0373  -0.32  0     3     0.3691  706.2
500     1.0731   0.0667   0.0400  -0.32  0     3     0.4090  797.0
750     1.4278   0.0726   0.0436  -0.33  0     3     0.4558  913.1
1000    1.7419   0.0771   0.0463  -0.33  0     3     0.4901  1004.8
1500    2.2958   0.0842   0.0505  -0.36  0     3     0.5398  1148.4
2000    2.7863   0.0897   0.0538  -0.42  0     3     0.5761  1261.8
3500    4.0440   0.1017   0.0610  -0.49  0     3     0.6493  1513.1
5000    5.1168   0.1104   0.0662  -0.50  0     3     0.6978  1697.3
7500    6.6759   0.1214   0.0728  -0.50  0     3     0.7549  1932.8
10000   8.0564   0.1299   0.0779  -0.50  0     3     0.7965  2118.5
