// vsclib internal implant table (trimmed header).
// Source copy: phosphorus_damage_in_silicon_standard
// Conditions:
energy

//
/////////////////////////////////////////////////////////////////////////////////////////////////////////////
//E     range    sigma    lateral  dl     asym  kurt  lambda  factor
/////////////////////////////////////////////////////////////////////////////////////////////////////////////
//
// Everything is zero at zero energy
//
0       0        0        0        0.40  0     3     0.0001    1
//
// Data from G. Hobler and S. Selberherr, "Two-Dimensional Modeling of Ion Implantation
// Induced Point Defects", IEEE Trans. CAD, Vol. 7, No. 2, Feb. 1988, pp. 174 - 180.
//
0.5     0.00057  0.00055  0.00036  0.37  0     3     0.0006   10.54
1       0.00114  0.00109  0.00070  0.29  0     3     0.0011   20.99
2       0.00225  0.00211  0.00136  0.23  0     3     0.0020   41.65
3.5     0.00387  0.00351  0.00227  0.20  0     3     0.0032   72.02
5       0.00544  0.00478  0.00308  0.18  0     3     0.0042   101.67
7.5     0.00795  0.00664  0.00428  0.16  0     3     0.0056   149.52
10      0.0103   0.00823  0.00529  0.15  0     3     0.0066   195.50
15      0.0148   0.01089  0.00698  0.14  0     3     0.0082   282.14
20      0.0189   0.01328  0.00848  0.13  0     3     0.010    362.19
30      0.0267   0.01917  0.01215  0.12  0     3     0.014    505.03
40      0.0345   0.0247   0.01558  0.11  0     3     0.018    629.01
50      0.0432   0.0293   0.01832  0.11  0     3     0.0345   739.1
70      0.0647   0.0366   0.02257  0.10  0     3     0.0717   937.6
100     0.0981   0.0450   0.02708  0.08  0     3     0.1197   1208.5
150     0.1547   0.0554   0.03196  0.06  0     3     0.1877   1563.8
200     0.2120   0.0633   0.03493  0.04  0     3     0.2464   1849.7
350     0.3780   0.0802   0.04008  0.02  0     3     0.3922   2499.5
500     0.5355   0.0920   0.04602  0.01  0     3     0.5126   2988.2
1000    0.936    0.1179   0.05896  0     0     3     0.8299   4140.3
2000    1.620    0.1480   0.07400  0     0     3     1.3013   5622.9
5000    2.880    0.1954   0.09770  0     0     3     2.2928   8255.1
10000   4.501    0.2381   0.11903  0     0     3     3.4745   10918.7
